$ANSIBLE_VAULT;1.1;AES256
31363130376139313139356139376664383266653465306661356638653564663034323363653966
3633373339306636383964616139353335613463356236340a633537373965313938316236396666
39333662643033613934393461366539363462343935316565393630323464323566643538356338
6464343637303038330a363736613539363330623666333832643138373662346439386234333363
34363335373863393634303036633161313863316532303564303338313236653732656534633338
32656433653133323433306635653561373337363062363434636663306362303636363234333636
30343865613939313937356165343531633033666131303139653434353366336266666130353235
65653336396362383933616361663733343530653766656565376166633832616532653365376164
39333137353663636536613434646233623865313637316531383362633138666335323639303664
34373937363535323336636136396136373930306334356562313930323632663264666166636133
37393936303461626162343336363733306462373431373561653365653136373435613232363939
63366335346239303933
