$ANSIBLE_VAULT;1.1;AES256
38363466343431636235636631366137333339346538356461613065353237393531343636626330
3533633239613163326539396339393461393633383835640a646337663265633838393330386133
61356665616534376665626336613939313935386633363461636135313732656635616535393031
6132363531313639380a636163613331313839346433636664636335386539326163333634373430
30656164636166666531303939623262383436323436306265623236336137376461656132663562
39646166316136616333613138623539363737316435666634353433666332633633326531316532
61393031353635376636326563306537643463613464633632663063306139636566656461613963
34616362366565326637316461633865313463616136313236613363353131666566616535386536
66306564356235663564646362303964316564323466356437393166613664613636386264386538
64376635343238303538656530666664343832316234366437636264656330326634666133623739
36313363353030353235346638313231303136336635666265363535313965343830656466396537
33396563306333333038353863636435373935616562316565313633303137656237353339633935
64376661616634393834393538393864646264663332623030643765336231333633303731613934
31326230303836303536373765633736303032353962623333316634333361356639363436313737
37343430656632343039343438346537663963663331333964333864326134356161323233353764
62373832613061316633323735373534363366373630636439613763393135306165653033356538
37323164333339643461666235316264613364656430373030323966383133656539383162646563
64343439333238373061396362373563363736393235663338383961393731393361616237646430
31336532666332623234323637363435313337396637313066653766393061346166323931646631
66643233363233666532333530633661333539343963366532306335333566366362306362346637
39636162666533646631623362303064636434643934633031636261313831353536313161396663
37333937643063313265303765636465633932356232376134666531633631343662313465303361
34393763633861633234323331626136313335613038353537366134373139353666373161636131
39663161313561393231386166373731323830343038306339653964393130363162333761316134
65346338343061333732366638343230356437393765386632633632363764393364376534373233
31613734613966323133613461306133306638663439623435306233623933303039353266633538
39343565363735623037313934343038333764373064613732323839343334326538363565653039
31383932633438316432316664343131306363643330366335396564366363383832383731376462
66383134653930616464666232343734313363626630396466383964393034366464616433363535
33346566613863616635643637666436323333316365643531363233663765666464656565626231
65666364646566383435346239363233613364316234313631616166396334343633333832333638
61663930333833396233663365386232343935326462346437613166643133363435396562363533
36666465633134393037376633343431643735396661653463336264643538396235353462623465
63346336633164326636636234393137373264346166353631366564643331393634353335356564
37643233363564396338613535303430393962303439636564616364626638653834623336653337
30373833396233663830613162626430363137393430646630623462613139333062323638666365
65626264343761386231386337323331313631306466613630643834663537663561636365633633
66313234636435333335363034323535623738326263646139613861383163656430613631393438
33363635306565316334633434396138333861343033356535313539323335663238346563626163
64326363663662346436363435373264316461623265616531336130623932626634376561393638
62656566373834356436333538656163383862643030336239376261383136396134393565656439
39353132323662323336383833343236613134653034353364643966383334613330356431643565
34633061373433306637653765623333353264303933613238663664653064356234633264386137
63393666313365653666646238363064616530373763383864333966663538623831313761323431
31373461366231323563643235343939633332663862663337366536356131623334336136376365
61616236303835386664376335663630623432386262356437313837303032346164363732306566
33306630386336386463643032366133366538636365326638666433653237633232386332376266
66366233326264373437363466376566623038303365376161326133363839323934626261306632
30353931336138396538613337626132323635326363346333613630616333393335633662383465
37383435373866333034636236666630383866656639336533343331653836366564623934343662
62656636326365313466626566306239613839393366313766613632323439316438386132346364
63323334626437623462613839343539373266623638353465383433326264373931663139633534
32636432656130376130646137303536643066313938616665643565366266393665623563336337
31323037336634343639316536396236623664313966633266626233343634323531636330663064
38346339613833666233336162363064663631626232643732646234616639393230663235376363
62326234363661373930656432313732333237396464316265643232316130386630376463373161
30613434623563396162623163636538306564656339663664616365633532313561646666663132
61303536613435323861393562353534393364373965666362356566363134616438323966306237
33303137386463613438336261376366313035643262353638363865373036306361386662393836
37626166333032326237313965306266373264623537613435613130643630636434613764383638
64313164626237356466373630373463313962373737386531303662306236646331343962633739
38396263336130646331613938636164303637386665646633376532333438616539356136643963
38326565323533373237646133336661653735643363363232353133336263636633616666613237
64333864613534626532313364663434363034623839626132656238313933653631373561313634
62653930626438313039663632643539353535623165616466356534303664383239396166363331
62353636613239653836376436646266346162363764633763363035306562353139343236646133
61616137333864376435393361313463613664663737663134666533383864323534383039623536
36663236313962633663333839373837323861303463336530306237323664623032653631653938
62636463336466383133323735656436666663373831626430643433306636633739613462386433
63373433363131323366623736306230646230653533323236316664663965666366326365393765
66373861623934386366313663316231333232363061343439623439623862366632646362363433
66386638323030383461336233386663656637373533326465616464613834646534383438306233
33353032633536316534623234366564646135346361666166663435373638386632626266666561
35633939353134633133666536353738656135356638316231363532346533623237363765636138
65366461376431663932393164663337623830383034346336636539366639343661383639326137
30643239666566636232313334623864373731316464346232303863613764363335383832643630
30623964386131313930653563663339333632313132353730613830333936303131373231336362
66333034316566356539383435646135333830346632366530303661643532613830386637323633
33336566633838383463346364353531653531303663306562396563663434323234356635336630
39653434343462616666626363323137363366386662393463336265636332323235616633666466
61646261383364353662653532656433383533623335316334626661666633623437373230303032
38393031396332646137663864376538323732383539646363626166663763376631633832353436
36656431373138313362333131626432393630333134323236626232383537653734383238323235
32363938306665633335613330333835373033373365303464393030343261393530616130373836
62396566343538393664666563353662643333336662396136656564656538613637323565393861
62323262396138353736303338653039393038616231393266636663303539333065613263656331
31333263643663326162353639643662336330383261393532616236643062393130663166353838
30643262623361393733303037656535303932303530373666626138646461323865333331366639
39623863613531626336396438323534343730313562383439323833663032373466623431626136
34306436396533373232663635376363373864346663333830346532343361623461373834643331
39336264303937313132306237653661333030366166613733313738636633363661343332383933
30393264616263656562666164663138323365343330663730333432313136616633353939623266
3265
